1.113205 234.618938 
1.235319 280.394366 
1.336900 422.123006 
1.441700 418.323010 
1.571269 333.413005 
1.673380 413.664700 
1.776791 250.652235 
1.880254 337.125717 
1.990166 311.521919 
2.091918 333.359253 
2.200676 314.827780 
2.304442 410.150156 
2.410437 250.579633 
2.523791 304.884749 
2.629464 478.458114 
2.737360 394.453696 
2.845650 248.222586 
2.971312 282.662823 
3.072502 502.815321 
3.178901 403.010007 
3.289914 386.263748 
3.391388 261.739863 
3.497653 328.236499 
3.606041 321.808104 
3.719675 523.788236 
3.822627 335.690416 
3.931703 319.775436 
4.037407 251.268024 
4.165117 400.907633 
4.271280 409.934341 
4.371975 511.646594 
4.481609 172.209998 
4.583658 335.522191 
4.697430 300.954883 
4.799371 502.250164 
4.900160 501.643741 
5.001796 103.900193 
5.111260 321.564405 
5.213307 576.989419 
5.322740 315.809951 
5.429339 324.206602 
5.537198 323.386342 
5.643608 327.786382 
5.751754 470.477387 
5.853504 424.567504 
5.973524 293.284900 
6.077292 175.777182 
6.178442 423.925912 
6.282400 563.305343 
6.382636 268.164838 
6.488481 253.958277 
6.594540 325.854532 
6.702525 548.225961 
6.804505 420.471894 
6.906456 178.910134 
7.038200 272.042884 
7.146192 542.261134 
7.251760 481.965770 
7.388646 144.937933 
7.494499 332.536681 
7.598882 557.948119 
7.702276 495.189500 
7.805574 176.577756 
7.910114 186.721167 
8.021947 449.242991 
8.124792 575.626567 
8.228619 332.859176 
8.335260 327.080715 
8.436591 186.319061 
8.554382 434.668630 
8.658056 571.019069 
8.784072 149.822294 
8.887670 416.996254 
8.993289 481.731297 
9.105596 233.646822 
9.209421 413.000715 
9.331924 219.423411 
9.441325 544.053220 
9.542713 419.772786 
9.668259 216.653539 
9.773899 402.880345 
9.881905 322.945111 
9.982149 427.754837 
10.086263 408.783481 
10.187641 268.302512 
10.292817 255.571703 
10.401131 395.884990 
10.517732 507.715339 
10.639019 290.221188 
10.766269 402.356562 
10.875882 391.195328 
10.995472 361.234764 
11.108169 241.353999 
11.208427 344.712218 
11.314666 403.617326 
11.424858 316.536877 
11.542073 439.537039 
11.661222 290.055118 
11.768808 398.567607 
11.872322 414.241075 
11.980500 248.480281 
12.099260 431.122574 
12.209930 390.349685 
12.320157 389.014810 
12.437741 367.396722 
12.537978 264.971091 
12.656296 370.528363 
12.760786 407.309233 
12.869556 326.562770 
12.984972 440.836963 
13.092183 247.737821 
13.213643 424.171453 
13.317973 325.122427 
13.424854 251.493345 
13.542629 364.086417 
13.648650 479.904857 
13.750215 346.575603 
13.865455 302.671042 
13.975120 242.193409 
14.076888 496.815561 
14.182042 331.703955 
14.305324 482.795706 
14.408496 260.535741 
14.517913 248.590937 
14.619493 500.884270 
14.725583 479.592148 
14.835040 245.577225 
14.961769 335.833891 
15.064013 419.389971 
15.169135 331.804834 
15.274750 251.477363 
15.375777 424.443029 
15.482724 475.748443 
15.603346 225.498737 
15.722003 293.957172 
15.841065 497.216340 
15.944146 415.985206 
16.048275 258.140578 
16.155556 250.557376 
16.265462 462.943472 
16.368298 572.559905 
16.471549 179.756752 
16.579844 248.210601 
16.688951 393.005881 
16.806649 432.296270 
16.914998 398.709131 
17.019931 344.602755 
17.126984 472.288531 
17.230404 173.274519 
17.350040 369.119213 
17.472473 342.390451 
17.574440 342.072021 
17.679435 481.544360 
17.791299 314.668368 
17.892640 268.399957 
17.994424 418.143219 
18.097843 331.079005 
18.209827 457.210006 
18.322963 387.496914 
18.428610 327.126902 
18.544505 295.439251 
18.654643 316.693548 
18.761207 402.389265 
18.862943 342.847549 
18.982059 359.985735 
19.093564 467.780736 
19.209434 298.265786 
19.311450 341.908650 
19.417146 323.945542 
19.528822 318.062854 
19.636757 471.397428 
19.740758 335.379927 
19.842942 422.769099 
19.949124 554.519358 
20.054523 485.772202 
20.156163 264.461376 
20.264921 320.714711 
20.373862 164.492337 
20.475366 340.477251 
20.578440 493.628769 
20.693239 298.259965 
20.810764 166.091638 
20.916759 326.052990 
21.028359 455.916842 
21.139693 385.147889 
21.264750 411.971001 
21.370170 258.014874 
21.473679 491.552718 
21.593082 289.440306 
21.695248 266.232077 
21.796562 337.960820 
21.907793 460.304810 
22.024468 436.082169 
22.131217 251.804130 
22.233139 339.083909 
22.335170 344.991914 
22.436221 421.176626 
22.539428 418.576345 
22.650527 316.832892 
22.775423 276.710777 
22.895800 358.871594 
23.008794 532.419545 
23.122903 297.260099 
23.223310 188.034832 
23.325047 503.258728 
23.432768 466.389749 
23.537930 179.531156 
23.639800 420.930659 
23.749521 317.898536 
23.860034 460.397753 
23.979375 361.987137 
24.089128 172.022327 
24.204786 373.515532 
24.306138 498.856788 
24.408950 413.958675 
24.519086 244.060699 
24.638864 296.550665 
24.760696 420.248574 
24.864460 564.359136 
24.972073 252.757085 
25.092029 224.082216 
25.199883 471.747275 
25.307397 473.243062 
25.414751 336.829831 
25.526074 235.710780 
25.647236 425.213760 
25.752701 327.692621 
25.853527 345.942165 
25.963129 385.393436 
26.064714 346.510508 
26.172546 394.687938 
26.276232 333.313186 
26.387083 317.541836 
26.494700 395.479778 
26.600786 404.198990 
26.706126 337.192603 
26.819496 375.410178 
26.928982 245.509602 
27.034731 326.813137 
27.140712 480.085636 
27.241467 508.164108 
27.344885 259.915043 
27.456261 163.770267 
27.573582 368.218979 
27.684123 605.022377 
27.792914 394.151038 
27.893500 108.165918 
28.020949 276.189243 
28.126065 639.293429 
28.244663 429.014316 
28.345491 187.249226 
28.451384 250.819647 
28.555734 410.924284 
28.661135 482.725958 
28.764783 419.884892 
28.872447 243.720869 
28.974103 339.969677 
29.078226 411.821493 
29.192621 380.436806 
29.308561 298.083139 
29.414714 328.584963 
29.536162 353.070571 
29.639983 490.078511 
29.744295 257.688073 
29.847779 333.962105 
29.957962 319.470950 

